120.479732 23.468085 49.76
120.479204 23.470807 47.08
120.479232 23.47303 49.95
120.5125833 23.4625556 53.36
120.5155833 23.46575 50.88
120.5104444 23.4656389 52.24
120.5052222 23.4646389 51.54
120.344281 22.815112 45.72
120.352736 22.811868 47.94
120.348695 22.820036 49.73
120.3561667 22.6558889 45.88
120.3529444 22.6595833 46.52
120.3561389 22.6625833 45.67
120.3500833 22.66425 53.5
121.168551 24.254693 44.99
121.176606 24.261219 42.65
121.20606 24.262005 41.65
121.218726 24.266289 50.05
121.247684 24.270084 54.3
121.136389 23.983076 42.51
121.136145 23.992772 43.34
121.136472 24.001288 40.35
120.392218 22.54098 80.35
120.390094 22.538978 82.6
120.388483 22.538672 71.56
120.389622 22.535145 71.23
120.781288 22.133792 39.86
120.782567 22.140403 41.41
120.782318 22.147105 42.21
120.376801 23.211618 43.5
120.371884 23.202702 46.26
120.38169 23.207118 42.65
120.377661 23.194396 47.18
120.387244 23.191729 46.46
121.24241 24.803478 36.56
121.244576 24.809929 34.96
